86

C 9.093267 3.850000 0.000000
C -4.243524 0.350000 0.000000
C -0.606218 -0.350000 0.000000
C 7.880831 -3.850000 0.000000
C 3.031089 -2.450000 0.000000
C 4.243524 -1.750000 0.000000
C 9.093267 2.450000 0.000000
C 6.668396 -4.550000 0.000000
C -4.243524 1.750000 0.000000
C 3.031089 0.350000 0.000000
C -7.880831 -0.350000 0.000000
C -5.455960 -1.750000 0.000000
C 5.455960 4.550000 0.000000
C 5.455960 -3.850000 0.000000
C 7.880831 -2.450000 0.000000
C 7.880831 1.750000 0.000000
C -4.243524 -3.850000 0.000000
C -5.455960 2.450000 0.000000
C 3.031089 -3.850000 0.000000
C 0.606218 -2.450000 0.000000
C 10.305702 1.750000 0.000000
C 9.093267 -0.350000 0.000000
C -3.031089 -0.350000 0.000000
C -5.455960 -4.550000 0.000000
C -1.818653 1.750000 0.000000
C -6.668396 -3.850000 0.000000
C 1.818653 -0.350000 0.000000
C -7.880831 -4.550000 0.000000
C 9.093267 -1.750000 0.000000
C 1.818653 3.850000 0.000000
C 6.668396 3.850000 0.000000
C 4.243524 -0.350000 0.000000
C 1.818653 -1.750000 0.000000
C 4.243524 2.450000 0.000000
C 4.243524 -4.550000 0.000000
C 10.305702 0.350000 0.000000
C -7.880831 2.450000 0.000000
C -10.305702 -1.750000 0.000000
C 5.455960 -2.450000 0.000000
C -1.818653 4.550000 0.000000
C -6.668396 -2.450000 0.000000
C 3.031089 4.550000 0.000000
C 6.668396 2.450000 0.000000
C -3.031089 -4.550000 0.000000
C -9.093267 0.350000 0.000000
C -4.243524 -2.450000 0.000000
C -9.093267 -2.450000 0.000000
C -3.031089 2.450000 0.000000
C 3.031089 1.750000 0.000000
C 7.880831 0.350000 0.000000
C 10.305702 4.550000 0.000000
C 1.818653 2.450000 0.000000
C 11.518138 2.450000 0.000000
C -7.880831 -1.750000 0.000000
C -10.305702 -4.550000 0.000000
C 5.455960 1.750000 0.000000
C -3.031089 3.850000 0.000000
C -1.818653 -2.450000 0.000000
C -0.606218 2.450000 0.000000
C -9.093267 1.750000 0.000000
C 4.243524 3.850000 0.000000
C 11.518138 3.850000 0.000000
C -11.518138 -3.850000 0.000000
C -6.668396 1.750000 0.000000
C -5.455960 3.850000 0.000000
C 5.455960 0.350000 0.000000
C -9.093267 -3.850000 0.000000
C 0.606218 0.350000 0.000000
C 0.606218 1.750000 0.000000
C 0.606218 -3.850000 0.000000
C -0.606218 3.850000 0.000000
C -3.031089 -1.750000 0.000000
C 0.606218 4.550000 0.000000
C -11.518138 -2.450000 0.000000
C -4.243524 4.550000 0.000000
C -1.818653 0.350000 0.000000
C -10.305702 -0.350000 0.000000
C 6.668396 -0.350000 0.000000
C -6.668396 0.350000 0.000000
C 1.818653 -4.550000 0.000000
C 6.668396 -1.750000 0.000000
C -0.606218 -1.750000 0.000000
C -6.668396 4.550000 0.000000
C -7.880831 3.850000 0.000000
C 7.880831 4.550000 0.000000
C -5.455960 -0.350000 0.000000
