1 8 24 87
2 69 77 83
3 7 15
4 5 20 34
5 4 33 40
6 16 22 88
7 3 14
8 1 18 49
9 28 33 50
10 46 55 80
11 42 47 87
12 19 45 59
13 32 62
14 7 36 40
15 3 30 82
16 6 44 51
17 25 45 47
18 8 65 66
19 12 71
20 4 36 81
21 34 71 83
22 6 37 54
23 30 37 51
24 1 73 77
25 17 27
26 49 60 77
27 25 29 42
28 9 34 69
29 27 68
30 15 23
31 43 53 74
32 13 44 86
33 5 9 67
34 4 21 28
35 50 57 62
36 14 20
37 22 23
38 61 65 85
39 48 75 78
40 5 14 82
41 58 72
42 11 27 55
43 31 62
44 16 32 57
45 12 17
46 10 61 78
47 11 17 73
48 39 55 68
49 8 26 58
50 9 35 53
51 16 23 79
52 63 88
53 31 50 70
54 22 63
55 10 42 48
56 64 68
57 35 44 67
58 41 49 76
59 12 73 83
60 26 70 72
61 38 46
62 13 35 43
63 52 54
64 56 75
65 18 38 80
66 18 76 84
67 33 57 79
68 29 48 56
69 2 28 70
70 53 60 69
71 19 21 81
72 41 60 74
73 24 47 59
74 31 72
75 39 64
76 58 66
77 2 24 26
78 39 46
79 51 67 82
80 10 65 87
81 20 71
82 15 40 79
83 2 21 59
84 66 85
85 38 84
86 32 88
87 1 11 80
88 6 52 86
